1000
408
316
173
150
86
322
390
100
7
458
352
86
39
337
3
276
436
195
452
208
431
427
286
339
486
334
470
158
253
82
498
161
144
417
57
478
238
447
77
492
150
175
77
189
259
327
212
441
268
163
395
199
89
181
284
322
261
253
480
13
82
477
174
226
393
232
203
377
425
26
368
75
449
191
10
207
17
222
147
286
386
289
231
221
470
14
42
230
14
268
490
96
491
164
68
129
142
18
5
313
291
119
388
239
310
399
192
328
120
86
360
252
375
337
474
344
97
262
320
358
277
309
454
267
219
22
143
107
287
148
421
77
268
54
317
77
199
8
151
66
94
257
318
469
340
37
58
438
300
378
295
323
434
496
89
399
264
232
253
50
127
420
127
141
474
444
218
173
199
116
239
293
119
303
8
460
341
66
397
387
191
438
209
371
433
44
269
196
23
21
246
150
441
374
37
161
63
255
334
262
117
319
302
237
368
310
196
455
122
339
341
59
276
296
430
456
87
199
398
110
467
144
6
154
264
43
315
73
44
395
82
409
460
384
145
327
440
87
282
308
172
369
368
448
412
297
149
499
242
47
108
456
438
361
109
448
150
170
20
441
64
102
349
270
232
494
343
418
327
124
226
499
240
93
193
151
136
342
149
379
135
3
80
319
110
189
266
260
359
33
200
169
382
49
185
114
289
27
278
363
399
3
361
138
343
300
35
480
389
431
104
23
434
431
343
290
119
355
49
224
388
496
139
270
291
324
130
327
351
408
189
496
158
296
133
0
96
415
226
231
345
76
254
24
6
343
314
372
198
109
95
85
352
234
101
142
304
231
215
402
386
150
397
43
447
277
290
289
191
263
19
36
339
19
307
92
363
121
210
307
477
306
138
74
286
240
464
337
217
178
238
102
329
134
145
21
411
182
56
349
445
75
385
29
341
438
121
203
305
78
256
282
384
395
356
416
134
319
252
351
244
236
454
319
371
345
340
27
273
396
376
217
217
6
247
57
445
114
7
249
192
263
277
322
157
380
485
37
445
483
135
435
219
335
253
336
179
339
363
453
234
239
416
197
245
409
1
436
23
8
432
462
17
455
30
422
80
14
459
25
497
340
206
215
174
460
297
100
298
160
299
279
399
214
222
390
123
223
72
393
478
3
354
496
204
384
163
285
144
368
56
141
208
262
102
382
468
400
482
266
306
280
291
451
495
12
86
364
236
158
256
213
408
356
455
112
487
117
397
130
486
453
17
193
461
367
321
429
12
303
441
318
82
231
268
323
490
100
433
225
259
188
185
166
44
386
24
30
3
167
407
235
366
425
174
327
37
495
1
49
297
442
113
126
419
127
195
408
227
128
380
232
62
64
145
106
196
169
383
446
337
290
180
449
461
354
275
498
95
22
293
138
464
406
264
382
279
206
290
5
80
169
238
142
480
383
249
175
298
378
121
381
414
47
330
120
148
351
364
243
374
156
381
337
308
392
466
86
344
255
339
424
170
323
65
396
452
60
70
249
185
438
130
98
232
206
219
380
56
82
369
176
486
496
13
39
387
225
373
477
480
211
400
396
33
466
291
231
272
107
480
457
292
356
302
23
308
267
149
365
95
17
40
80
12
300
120
146
24
493
122
250
450
22
392
229
234
182
460
252
36
185
209
328
41
10
97
349
23
246
460
118
263
247
199
275
46
65
421
318
304
43
314
253
312
206
482
292
134
187
43
170
372
252
244
159
8
341
255
31
86
461
150
95
207
95
371
0
407
37
318
210
327
378
463
385
83
190
176
218
123
220
134
495
218
379
401
227
466
155
4
299
115
401
394
69
242
10
69
148
48
133
358
121
10
66
6
94
2
182
58
125
402
192
367
120
317
267
93
29
168
344
328
29
245
221
98
487
232
167
135
26
46
239
147
57
306
400
151
54
329
209
180
230
147
293
96
211
306
436
240
474
280
67
249
271
34
348
257
266
261
138
38
308
124
433
365
430
332
262
230
160
217
156
137
110
449
480
321
0
416
307
220
442
374
470
212
155
63
215
421
70
100
206
378
224
138
489
400
216
497
129
123
460
32
260
70
481
486
137
228
147
445
448
88
64
417
46
219
480
8
387
297
108
92
421
332
477
410
478
439
152
106
61
112
138
321
429
366
53
65
93
200
256
40
35
321
204
328
286
430
336
172
226
444
10
147
21
233
303
499
172
455
352
233
313
236
301
241
348
354
53
441
53
309
228
335
376
178
163
162
107
499
80
334
189
91
227
210
324
29
456
496
230
53
229
290
289
276
277
